[gd_scene load_steps=8 format=3 uid="uid://c7n8rakk3nm2f"]

[ext_resource type="Script" path="res://player/player.gd" id="1_rlgo6"]
[ext_resource type="Script" path="res://player/smooth_camera_arm.gd" id="2_3arg1"]
[ext_resource type="PackedScene" uid="uid://dhh5pkmh3ms0e" path="res://player/health_component.tscn" id="2_dljtt"]
[ext_resource type="PackedScene" uid="uid://brd2yu1dfagvl" path="res://player/rig.tscn" id="3_7pya1"]
[ext_resource type="Script" path="res://player/attack_cast.gd" id="4_n3d0y"]

[sub_resource type="CapsuleShape3D" id="CapsuleShape3D_dkr2v"]

[sub_resource type="SeparationRayShape3D" id="SeparationRayShape3D_05dia"]

[node name="Player" type="CharacterBody3D"]
collision_layer = 5
script = ExtResource("1_rlgo6")
animation_decay = 22.0

[node name="HealthComponent" parent="." instance=ExtResource("2_dljtt")]

[node name="CollisionShape3D" type="CollisionShape3D" parent="."]
shape = SubResource("CapsuleShape3D_dkr2v")

[node name="SmoothCameraArm" type="SpringArm3D" parent="." node_paths=PackedStringArray("target")]
transform = Transform3D(1, 0, 0, 0, 0.906308, 0.422618, 0, -0.422618, 0.906308, 0, 0, 0)
shape = SubResource("SeparationRayShape3D_05dia")
spring_length = 4.0
script = ExtResource("2_3arg1")
target = NodePath("../HorizontalPivot/VerticalPivot")
decay = 16.0

[node name="Camera3D" type="Camera3D" parent="SmoothCameraArm"]

[node name="HorizontalPivot" type="Node3D" parent="."]

[node name="VerticalPivot" type="Node3D" parent="HorizontalPivot"]

[node name="RigPivot" type="Node3D" parent="."]
transform = Transform3D(1, 0, 0, 0, 1, 0, 0, 0, 1, 0, -1, 0)

[node name="Rig" parent="RigPivot" instance=ExtResource("3_7pya1")]

[node name="Skeleton3D" parent="RigPivot/Rig/CharacterRig/GameRig" index="0"]
bones/0/position = Vector3(4.14955e-15, 0.896809, -0.0481735)
bones/2/rotation = Quaternion(-0.00201116, -0.000418826, 0.00321481, 0.999993)
bones/3/rotation = Quaternion(-0.0966415, -0.000382029, 0.00851997, 0.995283)
bones/4/rotation = Quaternion(0.277253, 1.53692e-08, 9.13993e-08, 0.960797)
bones/6/rotation = Quaternion(-0.155944, -1.17751e-07, -1.85899e-08, 0.987766)
bones/7/position = Vector3(-2.0401e-08, 0.896809, -0.0481734)
bones/8/position = Vector3(-4.76514e-08, 0.896809, -0.0481735)
bones/9/position = Vector3(0.131144, 0.963013, -0.0351291)
bones/9/rotation = Quaternion(0.992951, 0.0209082, -0.0309321, 0.112496)
bones/11/rotation = Quaternion(0.422263, -0.000700588, 0.000326506, 0.906473)
bones/13/rotation = Quaternion(-0.752471, 0.0118888, 0.0244089, 0.658065)
bones/15/position = Vector3(-0.131144, 0.963013, -0.0351291)
bones/15/rotation = Quaternion(0.972988, -0.00582144, 0.0272949, 0.229161)
bones/17/rotation = Quaternion(0.446183, 0.00330303, -0.0016469, 0.894934)
bones/19/rotation = Quaternion(-0.689031, -0.0281971, -0.000674532, 0.724183)
bones/21/position = Vector3(0.0251286, 1.42703, 0.0423416)
bones/21/rotation = Quaternion(-0.493213, -0.258035, -0.400106, 0.728062)
bones/22/position = Vector3(0.188504, 1.46387, -0.0239227)
bones/22/rotation = Quaternion(0.0499956, -0.159671, 0.974435, -0.149943)
bones/23/rotation = Quaternion(5.38156e-08, -0.0158444, 5.15809e-08, 0.999874)
bones/24/rotation = Quaternion(0.298756, -0.0158452, -0.0182692, 0.954023)
bones/46/position = Vector3(-0.0113635, 1.42703, 0.0423416)
bones/46/rotation = Quaternion(-0.512042, 0.219634, 0.373868, 0.741483)
bones/47/position = Vector3(-0.166942, 1.46431, -0.0403834)
bones/47/rotation = Quaternion(-0.0764689, -0.13663, 0.973113, 0.168924)
bones/48/rotation = Quaternion(1.04497e-07, 0.012728, 7.76222e-08, 0.999919)
bones/49/rotation = Quaternion(0.331576, 0.0127285, 0.0289463, 0.942899)
bones/71/position = Vector3(0.127191, 1.34545, -0.0263704)
bones/71/rotation = Quaternion(1.93063e-08, 0.613079, 0.790022, -4.64197e-08)
bones/72/position = Vector3(-0.113426, 1.34545, -0.0263704)
bones/72/rotation = Quaternion(1.93064e-08, 0.613079, 0.790022, -4.64197e-08)

[node name="RightHandBone" parent="RigPivot/Rig" index="2"]
transform = Transform3D(-0.962342, -0.270805, -0.0237114, 0.241009, -0.89029, 0.386391, -0.125747, 0.366126, 0.92203, -0.340759, 0.982587, -0.029378)

[node name="LeftHandBone" parent="RigPivot/Rig" index="3"]
transform = Transform3D(-0.970513, 0.239109, 0.0305208, -0.221565, -0.934758, 0.277736, 0.0949386, 0.262784, 0.960172, 0.345315, 0.970487, -0.0484633)

[node name="RayAttachment" type="BoneAttachment3D" parent="RigPivot/Rig"]
transform = Transform3D(-0.962342, -0.270805, -0.0237114, 0.241009, -0.89029, 0.386391, -0.125747, 0.366126, 0.92203, -0.340759, 0.982587, -0.029378)
bone_name = "DEF-hand.R"
bone_idx = 51
use_external_skeleton = true
external_skeleton = NodePath("../CharacterRig/GameRig/Skeleton3D")

[node name="AttackCast" type="RayCast3D" parent="RigPivot/Rig/RayAttachment"]
unique_name_in_owner = true
transform = Transform3D(-3.8097e-09, 4.35451e-08, 1, 0.996196, 0.0871559, 0, -0.0871559, 0.996196, -4.37114e-08, -0.03, 0.075, -0.05)
target_position = Vector3(0, 1, 0)
collision_mask = 8
script = ExtResource("4_n3d0y")

[connection signal="defeat" from="HealthComponent" to="." method="_on_health_component_defeat"]

[editable path="RigPivot/Rig"]
[editable path="RigPivot/Rig/CharacterRig"]
