[gd_scene load_steps=7 format=3 uid="uid://c7n8rakk3nm2f"]

[ext_resource type="Script" path="res://player/player.gd" id="1_rlgo6"]
[ext_resource type="Script" path="res://player/smooth_camera_arm.gd" id="2_3arg1"]
[ext_resource type="PackedScene" uid="uid://brd2yu1dfagvl" path="res://player/rig.tscn" id="3_7pya1"]
[ext_resource type="Script" path="res://player/attack_cast.gd" id="4_n3d0y"]

[sub_resource type="CapsuleShape3D" id="CapsuleShape3D_dkr2v"]

[sub_resource type="SeparationRayShape3D" id="SeparationRayShape3D_05dia"]

[node name="Player" type="CharacterBody3D"]
script = ExtResource("1_rlgo6")
animation_decay = 22.0

[node name="CollisionShape3D" type="CollisionShape3D" parent="."]
shape = SubResource("CapsuleShape3D_dkr2v")

[node name="SmoothCameraArm" type="SpringArm3D" parent="." node_paths=PackedStringArray("target")]
transform = Transform3D(1, 0, 0, 0, 0.906308, 0.422618, 0, -0.422618, 0.906308, 0, 0, 0)
shape = SubResource("SeparationRayShape3D_05dia")
spring_length = 4.0
script = ExtResource("2_3arg1")
target = NodePath("../HorizontalPivot/VerticalPivot")
decay = 16.0

[node name="Camera3D" type="Camera3D" parent="SmoothCameraArm"]

[node name="HorizontalPivot" type="Node3D" parent="."]

[node name="VerticalPivot" type="Node3D" parent="HorizontalPivot"]

[node name="RigPivot" type="Node3D" parent="."]
transform = Transform3D(1, 0, 0, 0, 1, 0, 0, 0, 1, 0, -1, 0)

[node name="Rig" parent="RigPivot" instance=ExtResource("3_7pya1")]

[node name="Skeleton3D" parent="RigPivot/Rig/CharacterRig/GameRig" index="0"]
bones/0/position = Vector3(1.38175e-14, 0.899076, -0.0481735)
bones/2/rotation = Quaternion(-0.000553801, -0.000395204, 0.00321432, 0.999995)
bones/3/rotation = Quaternion(-0.0953157, -0.000364794, 0.0085208, 0.995411)
bones/4/rotation = Quaternion(0.276043, 1.48738e-08, 9.26105e-08, 0.961145)
bones/6/rotation = Quaternion(-0.157458, -1.17722e-07, -1.87705e-08, 0.987526)
bones/7/position = Vector3(-1.82736e-08, 0.899076, -0.0481735)
bones/8/position = Vector3(-8.32338e-08, 0.899076, -0.0481735)
bones/9/position = Vector3(0.131144, 0.96528, -0.0351291)
bones/9/rotation = Quaternion(0.993165, 0.0208011, -0.0309822, 0.110593)
bones/11/rotation = Quaternion(0.417929, -0.000700319, 0.000322308, 0.90848)
bones/13/rotation = Quaternion(-0.750598, 0.011882, 0.0243991, 0.660202)
bones/15/position = Vector3(-0.131144, 0.96528, -0.0351291)
bones/15/rotation = Quaternion(0.973465, -0.00573167, 0.0273573, 0.227123)
bones/17/rotation = Quaternion(0.442065, 0.00327869, -0.00161597, 0.896976)
bones/19/rotation = Quaternion(-0.687223, -0.0281875, -0.00080394, 0.725899)
bones/21/position = Vector3(0.0251286, 1.42919, 0.0431609)
bones/21/rotation = Quaternion(-0.489405, -0.259618, -0.402885, 0.728537)
bones/22/position = Vector3(0.189022, 1.46641, -0.021584)
bones/22/rotation = Quaternion(0.0451908, -0.160409, 0.974669, -0.149154)
bones/23/rotation = Quaternion(6.22689e-08, -0.0197605, -3.426e-09, 0.999805)
bones/24/rotation = Quaternion(0.307695, -0.0197522, -0.0189453, 0.951092)
bones/46/position = Vector3(-0.0113635, 1.42919, 0.0431609)
bones/46/rotation = Quaternion(-0.505195, 0.227239, 0.380859, 0.740329)
bones/47/position = Vector3(-0.168901, 1.46691, -0.035561)
bones/47/rotation = Quaternion(-0.0655474, -0.138516, 0.97391, 0.167381)
bones/48/rotation = Quaternion(1.12328e-07, 0.0201699, 8.34604e-08, 0.999797)
bones/49/rotation = Quaternion(0.341863, 0.0201703, 0.0289984, 0.939086)
bones/71/position = Vector3(0.127191, 1.34803, -0.026053)
bones/71/rotation = Quaternion(1.94734e-08, 0.610643, 0.791906, -4.63287e-08)
bones/72/position = Vector3(-0.113426, 1.34803, -0.026053)
bones/72/rotation = Quaternion(1.94735e-08, 0.610643, 0.791906, -4.63286e-08)

[node name="RightHandBone" parent="RigPivot/Rig" index="2"]
transform = Transform3D(-0.962342, -0.270804, -0.0237124, 0.238026, -0.881559, 0.407674, -0.131304, 0.386678, 0.912819, -0.342719, 0.987448, -0.0194547)

[node name="LeftHandBone" parent="RigPivot/Rig" index="3"]
transform = Transform3D(-0.970516, 0.239098, 0.0305067, -0.21964, -0.929383, 0.296659, 0.0992831, 0.281212, 0.954496, 0.34583, 0.974439, -0.0415292)

[node name="RayAttachment" type="BoneAttachment3D" parent="RigPivot/Rig"]
transform = Transform3D(-0.962342, -0.270804, -0.0237124, 0.238026, -0.881559, 0.407674, -0.131304, 0.386678, 0.912819, -0.342719, 0.987448, -0.0194547)
bone_name = "DEF-hand.R"
bone_idx = 51
use_external_skeleton = true
external_skeleton = NodePath("../CharacterRig/GameRig/Skeleton3D")

[node name="AttackCast" type="RayCast3D" parent="RigPivot/Rig/RayAttachment"]
unique_name_in_owner = true
transform = Transform3D(-3.8097e-09, 4.35451e-08, 1, 0.996196, 0.0871559, 0, -0.0871559, 0.996196, -4.37114e-08, -0.03, 0.075, -0.05)
target_position = Vector3(0, 1, 0)
collision_mask = 8
script = ExtResource("4_n3d0y")

[editable path="RigPivot/Rig"]
[editable path="RigPivot/Rig/CharacterRig"]
