[gd_scene load_steps=5 format=3 uid="uid://dalidw0qwtr82"]

[sub_resource type="StandardMaterial3D" id="StandardMaterial3D_5splf"]
albedo_color = Color(0.37, 0.27639, 0.1258, 1)

[sub_resource type="ProceduralSkyMaterial" id="ProceduralSkyMaterial_o7vf1"]
sky_horizon_color = Color(0.64625, 0.65575, 0.67075, 1)
ground_horizon_color = Color(0.64625, 0.65575, 0.67075, 1)

[sub_resource type="Sky" id="Sky_0jdbp"]
sky_material = SubResource("ProceduralSkyMaterial_o7vf1")

[sub_resource type="Environment" id="Environment_rbmhv"]
background_mode = 1
background_color = Color(0.06, 0.04206, 0.0132, 1)
sky = SubResource("Sky_0jdbp")
ambient_light_source = 3
tonemap_mode = 2
glow_enabled = true

[node name="Floor" type="CSGBox3D" groups=["hazard"]]
transform = Transform3D(1, 0, 0, 0, 1, 0, 0, 0, 1, 0, -4, 0)
use_collision = true
size = Vector3(30, 8, 5)
material = SubResource("StandardMaterial3D_5splf")

[node name="Wall" type="CSGBox3D" parent="."]
transform = Transform3D(0.994018, -0.109214, 0, 0.109214, 0.994018, 0, 0, 0, 1, -9.42247, 5.08316, 0)
size = Vector3(4, 10, 4)
material = SubResource("StandardMaterial3D_5splf")

[node name="Wall2" type="CSGBox3D" parent="."]
transform = Transform3D(0.873305, 0.487174, 0, -0.487174, 0.873305, 0, 0, 0, 1, -8.99815, 12.6039, 0)
size = Vector3(4, 10, 4)
material = SubResource("StandardMaterial3D_5splf")

[node name="Wall3" type="CSGBox3D" parent="."]
transform = Transform3D(0.957998, 0.286775, 0, -0.286775, 0.957998, 0, 0, 0, 1, 10.2318, 6.55311, 0)
size = Vector3(4, 10, 4)
material = SubResource("StandardMaterial3D_5splf")

[node name="Wall4" type="CSGBox3D" parent="."]
transform = Transform3D(0.912677, -0.408681, 0, 0.408681, 0.912677, 0, 0, 0, 1, 11.0373, 12.0424, 0)
size = Vector3(4, 10, 4)
material = SubResource("StandardMaterial3D_5splf")

[node name="Ceiling" type="CSGBox3D" parent="."]
transform = Transform3D(-0.348867, 0.937172, 0, -0.937172, -0.348867, 0, 0, 0, 1, -5.47733, 16.5625, 0)
size = Vector3(4, 10, 4)
material = SubResource("StandardMaterial3D_5splf")

[node name="Ceiling2" type="CSGBox3D" parent="."]
transform = Transform3D(-0.348867, 0.937172, 0, -0.937172, -0.348867, 0, 0, 0, 1, 0.489237, 16.8836, 0)
size = Vector3(4, 10, 4)
material = SubResource("StandardMaterial3D_5splf")

[node name="Ceiling3" type="CSGBox3D" parent="."]
transform = Transform3D(0.499032, 0.866583, 0, -0.866583, 0.499032, 0, 0, 0, 1, 7.64912, 15.9735, 0)
size = Vector3(4, 10, 4)
material = SubResource("StandardMaterial3D_5splf")

[node name="BackgroundRock" type="CSGBox3D" parent="."]
transform = Transform3D(0.910613, 0.370562, 0.182941, -0.411341, 0.855346, 0.314932, -0.0397767, -0.362032, 0.931317, -10.8279, 5.08316, -3.50193)
size = Vector3(4, 10, 4)
material = SubResource("StandardMaterial3D_5splf")

[node name="BackgroundRock2" type="CSGBox3D" parent="."]
transform = Transform3D(0.816254, 0.574564, -0.0600543, -0.479262, 0.731546, 0.48492, 0.32255, -0.367036, 0.872495, -8.24962, 5.36816, -6.72406)
size = Vector3(4, 10, 4)
material = SubResource("StandardMaterial3D_5splf")

[node name="BackgroundRock4" type="CSGBox3D" parent="."]
transform = Transform3D(0.587453, 0.809078, -0.0170934, -0.52116, 0.394393, 0.756866, 0.619105, -0.435714, 0.653347, -6.20222, 4.91464, -9.36812)
size = Vector3(4, 10, 4)
material = SubResource("StandardMaterial3D_5splf")

[node name="BackgroundRock9" type="CSGBox3D" parent="."]
transform = Transform3D(0.603382, -0.553662, 0.573923, 0.437765, 0.831529, 0.341938, -0.666552, 0.0449237, 0.744104, 9.15381, -0.792686, -5.73495)
size = Vector3(4, 10, 4)
material = SubResource("StandardMaterial3D_5splf")

[node name="BackgroundRock7" type="CSGBox3D" parent="."]
transform = Transform3D(0.812278, -0.579473, -0.0664499, 0.565087, 0.753608, 0.335786, -0.144501, -0.310302, 0.939592, 12.4208, 3.30777, -7.63444)
size = Vector3(4, 10, 4)
material = SubResource("StandardMaterial3D_5splf")

[node name="BackgroundRock6" type="CSGBox3D" parent="."]
transform = Transform3D(0.898209, -0.421299, -0.125409, 0.396494, 0.653348, 0.644926, -0.189771, -0.629003, 0.753885, 14.3465, 5.76269, -10.1625)
size = Vector3(4, 10, 4)
material = SubResource("StandardMaterial3D_5splf")

[node name="BackgroundRock8" type="CSGBox3D" parent="."]
transform = Transform3D(0.898209, -0.421299, -0.125409, -0.421537, -0.744688, -0.517443, 0.124608, 0.517637, -0.846478, 4.57203, 19.7435, -20.488)
size = Vector3(4, 10, 4)
material = SubResource("StandardMaterial3D_5splf")

[node name="BackgroundRock11" type="CSGBox3D" parent="."]
transform = Transform3D(0.841062, 0.397501, 0.366889, 0.52639, -0.757658, -0.385833, 0.124608, 0.517637, -0.846478, -9.5566, 20.5958, -19.9293)
size = Vector3(4, 10, 4)
material = SubResource("StandardMaterial3D_5splf")

[node name="BackgroundRock10" type="CSGBox3D" parent="."]
transform = Transform3D(0.816514, -0.538198, -0.208921, -0.56523, -0.818917, -0.0994558, -0.117562, 0.199294, -0.972862, 18.1427, 19.0427, -20.488)
size = Vector3(4, 10, 4)
material = SubResource("StandardMaterial3D_5splf")

[node name="DirectionalLight3D" type="DirectionalLight3D" parent="."]
transform = Transform3D(0.965926, -0.183013, 0.183013, 0, 0.707107, 0.707107, -0.258819, -0.683013, 0.683013, 0, 7, 15.4632)
light_energy = 0.5
shadow_enabled = true

[node name="WorldEnvironment" type="WorldEnvironment" parent="."]
environment = SubResource("Environment_rbmhv")

[node name="OmniLight3D" type="OmniLight3D" parent="."]
transform = Transform3D(1, 0, 0, 0, 1, 0, 0, 0, 1, 0, 9.24397, -3.93675)
omni_range = 13.0
omni_attenuation = 0.5

[node name="OmniLight3D2" type="OmniLight3D" parent="."]
transform = Transform3D(1, 0, 0, 0, 1, 0, 0, 0, 1, -5.51543, 9.24397, -3.93675)
omni_range = 8.0
omni_attenuation = 0.5

[node name="OmniLight3D3" type="OmniLight3D" parent="."]
transform = Transform3D(1, 0, 0, 0, 1, 0, 0, 0, 1, 5.15117, 9.24397, -3.93675)
omni_range = 8.0
omni_attenuation = 0.5
