[gd_scene load_steps=7 format=3 uid="uid://c7n8rakk3nm2f"]

[ext_resource type="Script" path="res://player/player.gd" id="1_rlgo6"]
[ext_resource type="Script" path="res://player/smooth_camera_arm.gd" id="2_3arg1"]
[ext_resource type="PackedScene" uid="uid://brd2yu1dfagvl" path="res://player/rig.tscn" id="3_7pya1"]
[ext_resource type="Script" path="res://player/attack_cast.gd" id="4_n3d0y"]

[sub_resource type="CapsuleShape3D" id="CapsuleShape3D_dkr2v"]

[sub_resource type="SeparationRayShape3D" id="SeparationRayShape3D_05dia"]

[node name="Player" type="CharacterBody3D"]
script = ExtResource("1_rlgo6")
animation_decay = 22.0

[node name="CollisionShape3D" type="CollisionShape3D" parent="."]
shape = SubResource("CapsuleShape3D_dkr2v")

[node name="SmoothCameraArm" type="SpringArm3D" parent="." node_paths=PackedStringArray("target")]
transform = Transform3D(1, 0, 0, 0, 0.906308, 0.422618, 0, -0.422618, 0.906308, 0, 0, 0)
shape = SubResource("SeparationRayShape3D_05dia")
spring_length = 4.0
script = ExtResource("2_3arg1")
target = NodePath("../HorizontalPivot/VerticalPivot")
decay = 16.0

[node name="Camera3D" type="Camera3D" parent="SmoothCameraArm"]

[node name="HorizontalPivot" type="Node3D" parent="."]

[node name="VerticalPivot" type="Node3D" parent="HorizontalPivot"]

[node name="RigPivot" type="Node3D" parent="."]
transform = Transform3D(1, 0, 0, 0, 1, 0, 0, 0, 1, 0, -1, 0)

[node name="Rig" parent="RigPivot" instance=ExtResource("3_7pya1")]

[node name="Skeleton3D" parent="RigPivot/Rig/CharacterRig/GameRig" index="0"]
bones/0/position = Vector3(3.37508e-15, 0.891791, -0.0481736)
bones/2/rotation = Quaternion(-0.00476754, -0.000463499, 0.00321576, 0.999983)
bones/3/rotation = Quaternion(-0.0995852, -0.000420282, 0.0085179, 0.994993)
bones/4/rotation = Quaternion(0.279125, 1.4202e-08, 9.62106e-08, 0.960255)
bones/6/rotation = Quaternion(-0.153483, -1.18032e-07, -1.67754e-08, 0.988151)
bones/7/position = Vector3(-3.57975e-08, 0.891791, -0.0481735)
bones/8/position = Vector3(-4.89792e-08, 0.891791, -0.0481735)
bones/9/position = Vector3(0.131144, 0.957995, -0.0351291)
bones/9/rotation = Quaternion(0.992467, 0.0211453, -0.0308217, 0.11667)
bones/11/rotation = Quaternion(0.431762, -0.000700547, 0.000335465, 0.901987)
bones/13/rotation = Quaternion(-0.756494, 0.0119036, 0.0244311, 0.653436)
bones/15/position = Vector3(-0.131144, 0.957995, -0.0351291)
bones/15/rotation = Quaternion(0.972078, -0.00599067, 0.0271769, 0.233002)
bones/17/rotation = Quaternion(0.455082, 0.00335558, -0.00171503, 0.890442)
bones/19/rotation = Quaternion(-0.692378, -0.0282147, -0.000433143, 0.720983)
bones/21/position = Vector3(0.0251286, 1.42288, 0.0407693)
bones/21/rotation = Quaternion(-0.501732, -0.254435, -0.393908, 0.726887)
bones/22/position = Vector3(0.187339, 1.45828, -0.0289787)
bones/22/rotation = Quaternion(0.0606645, -0.15802, 0.973829, -0.151682)
bones/23/rotation = Quaternion(8.87769e-08, -0.00734354, 3.02521e-09, 0.999973)
bones/24/rotation = Quaternion(0.278487, -0.00703373, -0.0166639, 0.96027)
bones/46/position = Vector3(-0.0113635, 1.42288, 0.0407693)
bones/46/rotation = Quaternion(-0.527428, 0.202309, 0.358027, 0.743443)
bones/47/position = Vector3(-0.162229, 1.45826, -0.0510273)
bones/47/rotation = Quaternion(-0.101024, -0.132319, 0.970871, 0.172322)
bones/48/rotation = Quaternion(1.19668e-08, -0.00398283, -2.40693e-08, 0.999992)
bones/49/rotation = Quaternion(0.30823, -0.00409074, 0.0285131, 0.950876)
bones/71/position = Vector3(0.127191, 1.33983, -0.027051)
bones/71/rotation = Quaternion(1.89412e-08, 0.618392, 0.78587, -4.66146e-08)
bones/72/position = Vector3(-0.113426, 1.33983, -0.027051)
bones/72/rotation = Quaternion(1.89412e-08, 0.618392, 0.78587, -4.66145e-08)

[node name="RightHandBone" parent="RigPivot/Rig" index="2"]
transform = Transform3D(-0.962306, -0.270919, -0.0238807, 0.247302, -0.908185, 0.337701, -0.113178, 0.319066, 0.94095, -0.336076, 0.971879, -0.0517137)

[node name="LeftHandBone" parent="RigPivot/Rig" index="3"]
transform = Transform3D(-0.970448, 0.239326, 0.0308678, -0.225703, -0.945487, 0.234759, 0.085369, 0.220855, 0.971563, 0.344205, 0.962049, -0.0639867)

[node name="RayAttachment" type="BoneAttachment3D" parent="RigPivot/Rig"]
transform = Transform3D(-0.962306, -0.270919, -0.0238807, 0.247302, -0.908185, 0.337701, -0.113178, 0.319066, 0.94095, -0.336076, 0.971879, -0.0517137)
bone_name = "DEF-hand.R"
bone_idx = 51
use_external_skeleton = true
external_skeleton = NodePath("../CharacterRig/GameRig/Skeleton3D")

[node name="AttackCast" type="RayCast3D" parent="RigPivot/Rig/RayAttachment"]
unique_name_in_owner = true
transform = Transform3D(-3.8097e-09, 4.35451e-08, 1, 0.996196, 0.0871559, 0, -0.0871559, 0.996196, -4.37114e-08, -0.03, 0.075, -0.05)
target_position = Vector3(0, 1, 0)
script = ExtResource("4_n3d0y")

[editable path="RigPivot/Rig"]
[editable path="RigPivot/Rig/CharacterRig"]
